000001 00050
000051 00053
000054 00056
000057 00287
000288 00403
000404 00540
000541 00598
000599 00612
000613 00624
000625 00636
000637 00646
000647 00660
000661 00687
000688 00710
000711 00739
000740 00759
000760 00767
000768 00775
000776 00780
000781 00794
000795 00821
000822 00858
000859 00885
000886 00913
000914 00944
000945 00977
000978 01011
001012 01038
001039 01069
001070 01096
001097 01112
001113 01140
001141 01160
001161 01189
001190 01222
001223 01252
001253 01280
001281 01308
001309 01344
001345 01372
001373 01396
001397 01437
001438 01466
001467 01484
001485 01516
001517 01556
001557 01646
001647 01649
001650 01652
001653 01655
001656 01658
001659 01661
001662 01717
001718 01802
001803 01913
001914 02024
002025 02060
002061 02103
002104 02201
002202 02228
002229 02281
002282 02313
002314 02667
002668 02933
002934 02987
002988 03154
003155 03416
003417 03504
003505 03544
003545 03586
003587 03662
003663 03719
003720 03840
003841 03964
003965 04059
004060 04176
004177 04232
004233 04288
004289 04395
004396 04448
004449 04496
004497 04537
004538 04661
004662 04784
004785 04844
004845 04912
004913 05151
005152 05262
005263 05312
005313 05354
005355 05436
005437 05465
005466 05568
005569 06101
006102 06290
006291 06423
006424 06460
006461 06776
006777 06831
006832 06916
006917 06973
006974 07065
007066 07194
007195 07324
007325 07439
007440 07532
007533 07640
007641 07779
007780 07828
007829 07880
007881 07883
007884 07927
007928 08562
008563 08735
008736 08827
008828 08889
008890 09309
009310 09358
009359 10084
010085 10272
010273 10520
010521 10802
010803 10852
010853 10953
010954 11079
011080 11324
011325 11449
011450 11519
011520 11639
011640 11715
011716 11764
011765 11958
011959 12096
012097 12428
012429 12462
012463 12515
012516 12632
012633 12669
012670 12803
012804 12884
012885 12940
012941 13003
013004 13050
013051 13074
013075 13084
013085 13099
013100 13204
013205 13244
013245 13322
013323 13393
013394 13716
013717 13758
013759 13961
013962 14082
014083 14170
014171 14392
014393 14516
014517 14624
014625 14743
014744 14852
014853 14985
014986 15032
015033 15078
015079 15196
015197 15274
015275 15548
015549 15628
015629 15765
015766 15847
015848 15943
015944 15946
015947 15949
015950 15952
015953 15955
015956 15958
015959 15978
015979 15981
015982 15984
015985 15987
015988 15990
015991 15993
015994 16102
016103 16151
016152 16210
016211 16345
016346 16452
016453 16734
016735 16817
016818 16976
016977 17076
017077 17128
017129 17337
017338 17449
017450 17495
017496 17650
017651 17724
017725 17797
017798 17857
017858 17913
017914 18205
018206 18418
018419 18481
018482 18611
018612 18685
018686 19038
019039 19092
019093 19153
019154 19203
019204 19337
019338 19397
019398 19491
019492 19561
019562 19939
019940 20015
020016 20152
020153 20282
020283 20409
020410 20578
020579 20705
020706 20766
020767 20805
020806 20876
020877 20993
020994 21094
021095 21188
021189 21317
021318 21403
021404 21565
021566 21601
021602 21657
021658 21691
021692 21917
021918 22313
022314 22488
022489 22670
022671 22958
022959 22993
022994 23048
023049 23203
023204 23497
023498 23610
023611 23785
023786 23870
023871 24001
024002 24139
024140 24209
024210 24289
024290 24338
024339 24633
024634 24671
024672 24732
024733 24895
024896 24935
024936 24989
024990 25147
025148 25150
025151 25153
025154 25302
025303 25433
025434 25478
025479 25689
025690 26002
026003 26067
026068 26375
026376 26440
026441 26719
026720 26818
026819 27052
027053 27153
027154 27276
027277 27314
027315 27351
027352 27441
027442 27506
027507 27593
027594 27685
027686 27781
027782 27865
027866 28044
028045 28424
028425 28540
028541 28595
028596 28687
028688 28907
028908 28947
028948 29029
029030 29067
029068 29141
029142 29513
029514 29603
029604 29673
029674 30161
030162 30621
030622 30681
030682 31052
031053 31289
031290 31292
031293 31295
031296 31320
031321 31391
031392 31437
031438 31469
031470 31553
031554 31606
031607 31690
031691 31745
031746 31801
031802 31853
031854 31879
031880 31944
031945 32059
032060 32115
032116 32157
032158 32276
032277 32402
032403 32493
032494 32541
032542 32603
032604 32606
032607 32609
032610 32612
032613 32663
